0 0.28417587776332903 0.2925877763328999 0.22163524057217163 0.3250975292587776
0 0.15946033810143045 0.7516254876462938 0.2706436931079324 0.38231469440832244
0 0.45972854356306897 0.7197659297789336 0.18652470741222366 0.38621586475942776
0 0.7398813394018205 0.6976592977893368 0.23626462938881665 0.4642392717815344
0 0.5091027308192458 0.28023407022106633 0.18286736020806246 0.37061118335500653
0 0.7574366059817944 0.2776332899869961 0.17921001300390116 0.2951885565669701
0 0.9322984395318596 0.2327698309492848 0.13540312093628087 0.3094928478543563
0 0.9589970741222368 0.6931079323797138 0.0820058517555266 0.23146944083224966
0 0.04498537061118336 0.25617685305591675 0.08997074122236672 0.17425227568270485
0 0.051568595578673604 0.07152145643693107 0.10313719115734721 0.14304291287386214
