0 0.43473575712143925 0.31634182908545727 0.12059595202398796 0.15892053973013495
0 0.034998125937031485 0.11169415292353824 0.06999625187406297 0.16041979010494753
0 0.05439467766116941 0.34182908545727136 0.10035607196401798 0.19490254872563714
0 0.11890929535232385 0.6274362818590704 0.10794602698650674 0.21139430284857574
0 0.08306784107946028 0.8523238380809596 0.13408920539730138 0.19640179910044978
0 0.17414730134932532 0.34257871064467765 0.11216266866566714 0.19940029985007496
0 0.17161731634182906 0.12743628185907047 0.13240254872563717 0.18590704647676162
0 0.2820933283358321 0.15817091454272864 0.09529610194902549 0.1934032983508246
0 0.3120314842578711 0.33883058470764615 0.10625937031484259 0.1829085457271364
0 0.23908358320839576 0.5719640179910046 0.09698275862068964 0.17241379310344832
0 0.2546851574212894 0.8995502248875562 0.12649925037481258 0.20089955022488767
0 0.3647395052473763 0.6049475262368815 0.11553598200899547 0.19040479760119944
0 0.3592578710644677 0.8928035982008996 0.09445277361319337 0.16341829085457277
0 0.672132683658171 0.13118440779610194 0.10288605697151425 0.1874062968515742
0 0.40985757121439276 0.08770614692653673 0.08939280359820088 0.14242878560719638
0 0.5199119190404797 0.618440779610195 0.08686281859070462 0.151424287856072
0 0.4941904047976011 0.8710644677661169 0.08433283358320842 0.20989505247376314
0 0.6573744377811095 0.6266866566716642 0.09192278860569715 0.17691154422788608
0 0.6383995502248875 0.8740629685157422 0.12987256371814085 0.21589205397301356
0 0.7602604947526237 0.8710644677661169 0.10204272863568206 0.1829085457271364
0 0.6923725637181408 0.3223388305847077 0.06577961019490246 0.11394302848575713
0 0.7956802848575711 0.08470764617691154 0.09529610194902545 0.16941529235382308
0 0.8188718140929535 0.3313343328335832 0.12312593703148422 0.2008995502248875
0 0.7918853073463268 0.5944527736131934 0.09951274362818595 0.18440779610194893
0 0.9389523988005997 0.6049475262368815 0.12209520239880063 0.22938530734632687
0 0.944527736131934 0.8823088455772115 0.09951274362818595 0.1904047976011995
0 0.9406390554722638 0.0727136431784108 0.11872188905547233 0.1454272863568216
0 0.9444340329835083 0.2961019490254872 0.11113193403298353 0.23838080959520236
0 0.01138493253373313 0.6019490254872564 0.02276986506746626 0.11244377811094466
