0 0.1506827048114434 0.36671001300390116 0.061443433029908956 0.13524057217165147
0 0.24943107932379718 0.3829648894668401 0.08485045513654096 0.13394018205461639
0 0.32477243172951886 0.3998699609882965 0.057054616384915456 0.12093628088426528
0 0.4081599479843953 0.35955786736020806 0.052665799739921935 0.0845253576072822
0 0.5712776332899869 0.39596879063719115 0.06583224967490253 0.12613784135240563
0 0.1616547464239272 0.5312093628088427 0.06583224967490248 0.1365409622886866
0 0.07424414824447334 0.5240572171651495 0.07387841352405722 0.11963589076723011
0 0.41840052015604684 0.5058517555266581 0.08631339401820554 0.13263979193758133
0 0.3244066970091027 0.5234070221066319 0.08119310793237972 0.13394018205461633
0 0.24687093628088427 0.5201560468140441 0.07534135240572173 0.14044213263979188
0 0.6491791287386215 0.3621586475942783 0.060711963589076705 0.1235370611183355
0 0.5818839401820547 0.5149544863459038 0.03876788036410929 0.06762028608582575
0 0.11008615084525357 0.7217165149544863 0.08558192457737322 0.1508452535760729
0 0.20737158647594275 0.7171651495448634 0.06802665799739921 0.14174252275682686
0 0.7318351755526658 0.3550065019505852 0.07241547464239276 0.11443433029908974
0 0.6641742522756827 0.5266579973992198 0.0687581274382314 0.14824447334200264
0 0.7435386866059818 0.5019505851755527 0.0768042912873861 0.15084525357607276
0 0.8276576723016905 0.5240572171651495 0.06802665799739913 0.11183355006501955
0 0.8166856306892067 0.39336801040312097 0.06948959687906381 0.12353706111833553
0 0.28966189856957086 0.6742522756827048 0.06290637191157344 0.10533159947984394
0 0.37231794538361507 0.7022106631989596 0.07314694408322495 0.13003901170351106
0 0.06217490247074123 0.36736020806241876 0.11118335500650195 0.12353706111833546
0 0.5584769180754227 0.7087126137841352 0.0680266579973992 0.12223667100130044
0 0.4699691157347204 0.7158647594278285 0.054860208062418675 0.11053315994798439
0 0.1777470741222367 0.865409622886866 0.08046163849154749 0.10533159947984387
0 0.08667912873862159 0.8810143042912874 0.07387841352405722 0.11833550065019495
0 0.45680266579973994 0.8777633289986997 0.05632314694408322 0.11443433029908974
0 0.35805429128738625 0.8868660598179454 0.06510078023407026 0.10143042912873866
0 0.29075910273081923 0.8894668400520156 0.08411898569570876 0.1222366710013003
0 0.6389385565669702 0.6833550065019506 0.07387841352405729 0.12093628088426528
0 0.6232119635890768 0.8803641092327699 0.07314694408322495 0.13263979193758133
0 0.5489678153446035 0.8790637191157346 0.08265604681404412 0.1586475942782834
0 0.4824040962288687 0.7945383615084526 0.009509102730819237 0.005201560468140513
0 0.7135484395318596 0.6918075422626788 0.07387841352405715 0.16124837451235366
0 0.7347610533159948 0.8810143042912872 0.06217490247074124 0.11053315994798439
0 0.8148569570871262 0.8966189856957086 0.06875812743823147 0.09492847854356298
0 0.7845009752925879 0.6898569570871261 0.08997074122236669 0.17295188556566976
0 0.8719115734720415 0.706111833550065 0.08046163849154751 0.1560468140442132
0 0.9081193107932379 0.49284785435630696 0.09582249674902471 0.15084525357607284
0 0.8927584525357608 0.364109232769831 0.08411898569570866 0.13524057217165145
0 0.9707005851755527 0.36931079323797134 0.05859882964889465 0.17425227568270482
0 0.9008046163849156 0.8777633289986997 0.06802665799739926 0.12223667100130044
0 0.9769180754226268 0.8413524057217165 0.0461638491547464 0.10663198959687904
0 0.9527389466840052 0.7022106631989596 0.07387841352405715 0.15604681404421314
0 0.9714726918075425 0.5266579973992198 0.05705461638491542 0.12743823146944075
0 0.02816157347204162 0.7106631989596878 0.05632314694408324 0.10793237971391421
0 0.12434980494148246 0.16189856957087126 0.004388816644993501 0.006501950585175553
0 0.08667912873862159 0.10338101430429131 0.0855819245773732 0.13133940182054615
0 0.17006664499349802 0.05981794538361509 0.05778608582574773 0.09362808842652796
0 0.01572659297789337 0.09557867360208062 0.03145318595578674 0.12873862158647595
