0 0.4457068534832977 0.39341792634095235 0.3143632879640648 0.12515319255418605
0 0.20764865060801213 0.5247542114432838 0.33204127061366934 0.2085740934231749
0 0.31579873676755205 0.04844639711774941 0.2669934774489293 0.09689279423549882
0 0.27009067355977817 0.12972140519840678 0.21576991753107028 0.08988042048468978
0 0.2822919883894338 0.2019872808990502 0.29184870411597974 0.10199201976412621
0 0.27798564197896714 0.31018423446202353 0.2803651136880693 0.14720865707402614
0 0.4715449319460947 0.13564991192969844 0.24546174539659574 0.13564991192969805
0 0.6804027328537258 0.21316414731809732 0.26125168223497286 0.1372647918336234
0 0.4815930735705155 0.5030350900726339 0.2799125166803283 0.1485689511611049
0 0.17153613201692017 0.8227669305442339 0.34307226403384034 0.2301203863093088
0 0.430860939550532 0.8156272638849984 0.32773492420320127 0.22391545251046313
0 0.7093380074273747 0.8220867835006987 0.33634761702413213 0.22876009222223675
0 0.8997724917716515 0.8204719035967747 0.20045501645669664 0.2303749721261599
0 0.8925952477542073 0.6416239542370819 0.21480950449158495 0.13105985803477713
0 0.6834999289645753 0.6347607146454007 0.2530915864217873 0.1690095357770132
0 0.422248246729601 0.6440462740929693 0.3650565930939187 0.16012769630542573
0 0.8827846240117871 0.5374642004339204 0.2344307519764262 0.1262152183230028
0 0.7004990161025697 0.41702835468308275 0.18373744684657445 0.10335231385119972
0 0.8849377972170206 0.4280560869430045 0.23012440556595937 0.13186729798674302
0 0.6770404093488734 0.31784053350012426 0.20572177590664686 0.11006641928375545
0 0.8870909704222535 0.3154182136442369 0.22581805915549288 0.12944497813085515
0 0.8971391120466756 0.2031840603214501 0.2057217759066485 0.11652593889945409
0 0.6906771729820187 0.10872796644738195 0.23299530317294057 0.10441433962001519
0 0.8949859388414422 0.11599492601504455 0.21002812231711532 0.1076440994278655
0 0.667709992126197 0.034039770890851535 0.19567363428222978 0.06807954178170307
0 0.8722614466233607 0.03646209074673899 0.21433446872757958 0.07292418149347799
