0 0.3287955136540963 0.2828348504551366 0.26698634590377107 0.4616384915474644
0 0.1890848504551365 0.7080624187256173 0.35768855656697 0.49544863459037797
0 0.4677747074122234 0.6814044213263978 0.28600455136540986 0.5539661898569572
0 0.7106225617685306 0.6898569570871261 0.33720741222366707 0.5370611183355006
0 0.879226267880365 0.7041612483745123 0.24138491547464055 0.5188556566970094
0 0.5650601430429131 0.28413524057217165 0.287467490247074 0.38101430429128735
0 0.8068107932379718 0.3003901170351103 0.19749674902470798 0.42132639791937626
0 0.9370529908972685 0.3211963589076725 0.125894018205463 0.2808842652795844
0 0.2239036731634183 0.08245877061469255 0.1998688155922039 0.1649175412293851
0 0.47057721139430286 0.05922038980509737 0.209145427286357 0.11844077961019474
0 0.6738193403298344 0.09145427286356816 0.18890554722638536 0.18290854572713633
0 0.8732664917541234 0.0899550224887557 0.19649550224887632 0.1799100449775114
